#n DensityV3
1 1
2 0.5
3 0.6666666666666666
4 0.5416666666666666
5 0.25833333333333336
6 0.3416666666666667
7 0.2571428571428571
8 0.2672123015873016
9 0.22938161375661376
10 0.2173776455026455
11 0.17123541967291966
12 0.16986361632194966
13 0.13624148035606368
14 0.13103779001348445
15 0.11951714574327421
16 0.11378165786988952
17 0.09357691810736875
18 0.09464223460480123
19 0.0798089261328272
20 0.07823206731695712
21 0.0727148293025682
22 0.06859567088319593
23 0.05827591563826418
24 0.05977278109381981
25 0.052477486701726556
26 0.05030288674660581
27 0.046259240419959324
28 0.04554846160070847
29 0.03938951559681948
30 0.04152016843818772
31 0.03642609070016109
32 0.035430382438327176
33 0.03302466444843959
34 0.031743823840297704
35 0.029155545626137116
36 0.030447632316665568
37 0.02680093467437541
38 0.02570619663340868
39 0.024091788516030294
40 0.024337954544504055
41 0.02149480987174944
42 0.022499463886160007
43 0.01996358372880705
44 0.019703635763630375
45 0.019255626811804965
46 0.01859361381229729
47 0.016320496794961514
48 0.017236019872589995
49 0.015703261067443276
50 0.015771197184218464
51 0.014893003452430867
52 0.01469954826478815
53 0.013001179615375197
54 0.013491038870498564
55 0.012591946145006154
56 0.012826153636196321
57 0.012170230262324439
58 0.011764549729743265
59 0.010429907136416717
60 0.011377119074635447
61 0.01021848363356192
62 0.009915335746814644
63 0.009715164682824039
64 0.009732962263566394
65 0.009086691108698001
66 0.00957704645551514
67 0.008616383130539449
68