#n TypeStoreSize
1 528
2 96
3 192
4 320
5 560
6 880
7 1440
8 2112
9 3424
10 5184
11 7168
12 10080
13 14768
14 19984
15 28752
16 37760
17 52576
18 69504
19 94784
20 120800
21 166656
22 209616
23 282544
24 359744
25 473792
26 588608
27 772544
28 955712
29 1243552
30 1525680
31 1972736
32 2407680
33 3252112
34 3946688
35 4769712
36 5759088
37 7620320
38 9160464
39 10979376
40 13144768
41 17127552
42 20421760
43 24300064
44 28870208
45 37087040
46 43917728
47 51903312
48 61271904
49 77740736
50 91496048
51 107501120
52 126152784
53 158369056
54 185361184
55 216614304
56 252876560
57 314455680
58 366195008
59 425899280
60 494838512
61 610102208
62 707288720
63 818994560
64 947455104
65 1223636528
66 1412708544
67 1629249280
68 1877350704
69 2161052080
70 2485485696
71 2855907008
72 3278815920
73 4156779776
74 4764146928
75 5455478624
76 6242273072
77 7136545808
78 8152827664
79 9306295264
80 10615231696
81 13251187264
82 15092612416
83 17177117824
84 19536140384
85 22203178272
86 25217542624
87 28621326928
88 32463573088
89 39996747984
90 45307339920
91 51289889440
92