#n TypeStoreSizeWithSlots
1 528
2 96
3 192
4 320
5 560
6 880
7 1440
8 2112
9 3424
10 4768
11 7168
12 10080
13 15184
14 20480
15 28752
16 37840
17 52992
18 69008
19 94784
20 120800
21 167280
22 209120
23 281920
24 359744
25 473296
26 589104
27 772544
28 955712
29 1243056
30 1525184
31 1972736
32 2407680
33 3249008
34 3946688
35 4770704
36 5759504
37 7620160
38 9160960
39 10979200
40 13144352
41 17127136
42 20421264
43 24299968
44 28870128
45 37089152
46 43918304
47 51903312
48 61271504
49 77741392
50 91495392
51 107500944
52 126152384
53 158369056
54 185359808
55 216615024
56 252876160
57 314455536
58 366195744
59 425898480
60 494838272
61 610105200
62 707289056
63 818989280
64 947453408
65 1223641728
66 1412709280
67 1629252720
68 1877349344
69 2161051600
70 2485483856
71 2855907968
72 3278813760
73 4156780272
74 4764152384
75 5455475024
76 6242273232
77 7136549328
78 8152820064
79 9306302464
80 10615229280
81 13251191088
82 15092606976
83 17177115968
84 19536140704
85 22203177952
86 25217541888
87 28621325472
88 32463573792
89 39996745504
90 45307341680
91 51289893120
92