#n TypeStoreSizeWithParts
1 528
2 96
3 160
4 272
5 416
6 672
7 976
8 1472
9 2592
10 3104
11 4224
12 6176
13 8320
14 11712
15 15824
16 20880
17 26656
18 36240
19 46352
20 60000
21 78880
22 99936
23 127664
24 168992
25 208224
26 263792
27 328752
28 414048
29 513408
30 639072
31 793712
32 983056
33 1211296
34 1494272
35 1830032
36 2239456
37 2726224
38 3317488
39 4025360
40 4878144
41 5901696
42 7115968
43 8570112
44 10293616
45 12346400
46 14779248
47 17657232
48 21061408
49 25071040
50 29808384
51 35379664
52 41923552
53 49603520
54 58614976
55 69145120
56 81467808
57 95852192
58 112622624
59 132155840
60 154888480
61 181286000
62 211951280
63 247490800
64 288680464
65 336311552
66 391410528
67 455004096
68 528403856
69 612975248
70 710401392
71 822448848
72 951300240
73 1099228480
74 1269031664
75 1463662928
76 1686692400
77 1941922384
78 2233908432
79 2567549600
80 2948618848
81 3383412160
82 3879255360
83 4444178704
84 5087485856
85 5819398592
86 6651686672
87 7597285664
88 8671134416
89 9889596112
90 11271453184
91 12837387088
92 14611063136
93 16618522240
94 18889477488
95 21456657344
96 24357313168
97 27632514640
98 31328857360
99 35497735872
100 40197329824
