#n WidthV3RatioToPreviousFactorial
1 1
2 2
3 4
4 6.166666666666667
5 7.458333333333333
6 9.508333333333333
7 11.308333333333334
8 13.446031746031746
9 15.51046626984127
10 17.684242724867726
11 19.567832341269842
12 21.606195737133238
13 23.377334981762065
14 25.211864041950847
15 27.00462122809996
16 28.825127754018194
17 30.415935361843463
18 32.11949558472988
19 33.6358651812536
20 35.200506527592744
21 36.727517942946676
22 38.236622702376984
23 39.576968762057064
24 41.01151550830874
25 42.323452675851904
26 43.63132773126365
27 44.88032722260255
28 46.15568414742239
29 47.297980099730154
30 48.543585152875785
31 49.672793964580784
32 50.80656620260725
33 51.896380129405756
34 52.97567013997588
35 53.996114236890676
36 55.09222900029064
37 56.08386358324253
38 57.06069905531206
39 58.00027880743724
40 58.973796989217405
41 59.85508419395913
42 60.80006167717785
43 61.658495777516556
44 62.52545575111629
45 63.39195895764751
46 64.24726519301319
47 65.01432854237638
48 65.8416574962607
49 66.61111728856542
50 67.39967714777634
51 68.15922032385032
52 68.9235968336193
53 69.61265935323419
54 70.3411754522411
55 71.03373249021645
56 71.75199709384344
57 72.44570021879593
58 73.12804410312104
59 73.74340862416963
60 74.42603576864775
61 75.04936327029503
62 75.66411408659754
63 76.27616946161545
64 76.8990790464837
65 77.48971396854908
66 78.12179903461308
67