#n WidthV3RatioToPreviousFactorialTimesSquareRoot
1 1
2 1.7071067811865475
3 2.8618073195657994
4 3.9451406528991324
5 4.5227915470865785
6 5.359700542537498
7 6.040036593954107
8 6.79582711582949
9 7.483971957099332
10 8.171380429292348
11 8.739304067166465
12 9.32772889482047
13 9.818954538089379
14 10.309253053039866
15 10.772140968089811
16 11.22726759956937
17 11.613095117045825
18 12.014628112300043
19 12.36250715610554
20 12.712371597187651
21 13.045592806612463
22 13.367335022378667
23 13.646816495646567
24 13.93964212402044
25 14.202029557529071
26 14.458524958640062
27 14.698895022820802
28 14.939914826814901
29 15.152033859976969
30 15.379449188427063
31 15.582261078104635
32 15.782685587562026
33 15.972397841366986
34 16.157494551138207
35 16.329981085182236
36 16.51266687908223
37 16.67569060029649
38 16.83415423878655
39 16.984607409846998
40 17.138534149747557
41 17.276168087816366
42 17.421981279115762
43 17.55289125214217
44 17.68359038580975
45 17.81276105731144
46 17.938869081765237
47 18.050756770698445
48 18.170171419256818
49 18.280094246728922
50 18.391613451492834
51 18.497970769734412
52 18.603970719724114
53 18.69862073601432
54 18.797759220012647
55 18.89114359196283
56 18.987125736956372
57 19.079008960476042
58 19.16860510191042
59 19.24871873876197
60 19.336845524169732
61 19.416654432657015
62 19.494727864400904
63 19.571839593491273
64 19.649703291599803
65 19.722962537397297
66 19.800766830604886
67 19.87129496614596
68 19.94167834608196
69 20.009385960522504
70 20.079593665450297
71