#n WidthV3SuccessiveRatio
1 0
2 1
3 4
4 3.25
5 2.3846153846153846
6 7.935483870967742
7 5.2682926829268295
8 8.313271604938272
9 7.725821421941712
10 9.476681323434008
11 8.66505666692021
12 11.903865448847652
13 10.426831142414354
14 13.465275446173123
15 13.681222691291033
16 15.232178735498966
17 13.98123069752045
18 18.204919090536652
19 16.0221237680581
20 19.604841490224867
21 19.51899608081744
22 20.753741346911347
23 19.539805390378135
24 24.616459999639144
25 21.94873893326023
26 24.922593241659968
27 24.82957881981153
28 27.569776616339833
29 25.07869447538043
30 31.62275631656177
31 27.196633688663372
32 31.12527905777865
33 30.759304636226258
34 32.68133162276894
35 32.146224791588594
36 37.595412463052135
37 32.568528568611136
38 36.44781362806313
39 36.55071053584296
40 40.40871358024742
41 36.21040556757624
42 43.96305381889891
43 38.1535357767679
44 43.42707128022965
45 43.97681813275516
46 44.418509131124026
47 41.25412935358898
48 50.692632968117366
49 44.642544972251564
50 50.21631212931954
51 48.16014708344496
52 51.32453720369082
53 46.876441860835385
54 56.03461536254597
55 51.33459658839045
56 57.04158796071812
57 54.08504721125539
58 56.06663716441351
59 52.30667855420041
60 65.44901460289023
61 54.787815575996355
62 60.160669464048496
63 61.72815431031073
64 64.11724404111487
65 60.68398356750096
66 69.56163233709486
67 60.27930139293564
68 67.35961142107337
69 65.89407950723147
70 72.06440897842606
71 63.87108267998027
72 76.5554979877902
73 65.58572878475512
74 72.24074716500112
75 73.44171844470382
76 76.16944529026253
77 71.64686970302584
78 81.99483092551624
79 71.53056837594308
80 83.00220679539125
81