#n WidthV3
1 1
2 1
3 4
4 13
5 31
6 246
7 1296
8 10774
9 83238
10 788820
11 6835170
12 81364944
13 848378532
14 11423650616
15 156289508025
16 2380629720720
17 33284133330760
18 605934954285120
19 9708364832948820
20 190330953679235040
21 3715069138923234960
22 77101583995105472880
23 1506549946554254503440
24 37085926496811294533760
25 813989318776589220602400
26 20286724694924822693488800
27 503710829808452894892841200
28 13887195057050218869166488000
29 348272721955775727439932808800
30 11013343418113167554927377927200
31 299525866629875593570738065758400
32 9322826183877867484327026191424000
33 286763650660486041097115373721689600
34 9371817964591207598535556216967481600
35 301268566995597210504803720693407822080
36 11326316038352132010680884583190572789760
37 368881447472189915401630493345851845972480
38 13444922248316538295622839278511900989335040
39 491421461275132665706920117858844810311878400
40 19857709075853485176201075522751818794029578240
41 719055699279594212207796715169675340608369940480
42 31611884406214794110428530253504975830662873702400
43 1206105162663567514746833472751365795076522663925760
44 52377614870443718611384480162093712567870225487943680
45 2303400843384995796208525457718657670456239109987123200
46 102313631394535209559802424760527485279978570527215513600
47 4220859784185577604289114922955343578697260749966826112000
48 213966495849606562024253813099938025025661094258449891737600
49 9552008913521138192380098130788166735170057346027730331648000
50 479666661063419920512399022748484421688812728225741115152384000
51 23100816947839245714566716383990394137898561470289970170318848000
52 1185638738875026721324817542909215763200399220216081803153960960000
53 55578525410829379267534275065417768858370142242619681448575125504000
54 3114321293813311569201949556789675050245392967947295230178818623488000
55 159872427264540547525642910182336743973417102827576918276715753651200000
56 9119377122303799191154944492097727892119800625825096920740616076697600000
57 493221942197043298744535425382727610803619200955519310432300459476862976000
58 27653295674688959597881092447622663471357639530052458448788479717132673024000
59 1446452047820216000735291994550847225570252963429248752920656008847563595776000
60 94668861200165803011793930744908641725380487692270747100283011675044972380160000
61 5186700108224280630903445738626466108430127147133118396880674834791450293043200000
62 312035350820025500282426252619721562500633723620316522033652183840781223584116736000
63 19261366285690477779593318059665275599762807345400873574396706814641734538407290880000
64 1234985722704918748608184514810183020767106604477143192369635345049810587251893862400000
65 74943853302723584976140271690579504230005839074962794571965670948894221752352041533440000
66 5213216769369230988116269349072724168330393991338481274634380003909419257234602313646080000
67 314249064867514123059668985200848396090875728907530495730136143032028522080088104047804416000
68 21167694898911430218656977395884662983490413526923089315334362754791165456135511127129325568000
69 1394825770653687764513214754414684459621541144582425878016418968487712313981001126158740553728000
70 100517294790035665535955661469674549563259116410839166649194388636593262426139148114055344160768000
71 6420148446302318094946571129858662083507141618573344958548451210043776827493453913239484216639488000
72 491497661462211521276690162446806857000849921622694006842368970131582899145863211422809305601540096000
73 32235232323001996058924745207702135463690102493724140099479462022862300446677820296106187042710421504000
74 2328697268051059033054785926285587081087638766090349959473601489001912590389261251560846213401761808384000
75 171023529103156868592891169295392525725993923425628519031884249274819794477262876933959357510321403985920000
76 13026767343370529518250692684337901462730263222056175244651826403068706799655674167847417843050192851435520000
77 933327102502100403459003557072229765325014439189347729006821802398478741654507067544514582844261177133629440000
78 76527997967861689941598350174602884008742173397787323359769090311208325726251064162203479686794080298942464000000
79 5474091191314163573534751617507999348870885886793680702561943978892614213152647944068775448110882997148349562880000
80 454361649078287790075667944495073000843750924912610155800436185656638484848606413964401437866760528147637715599360000
